antelope,2.0,1
bass,3.0,1
bear,4.0,4
boar,5.0,1
buffalo,6.0,1
calf,7.0,1
carp,8.0,1
catfish,9.0,4
cavy,10.0,4
cheetah,11.0,1
chicken,12.0,1
chub,13.0,2
clam,14.0,4
crab,15.0,7
crayfish,16.0,7
crow,17.0,7
deer,18.0,2
dogfish,19.0,1
dolphin,20.0,4
,,1
,,2
,,2
,,1
,,2
,,6
,,5
,,5
,,1
,,1
,,1
,,6
,,1
,,1
,,2
,,4
,,1
,,1
,,2
,,4
,,6
,,6
,,2
,,6
,,2
,,1
,,1
,,7
,,1
,,1
,,1
,,1
,,6
,,5
,,7
,,1
,,1
,,2
,,2
,,2
,,2
,,4
,,4
,,3
,,1
,,1
,,1
,,1
,,1
,,1
,,1
,,1
,,2
,,7
,,4
,,1
,,1
,,3
,,7
,,2
,,2
,,3
,,7
,,4
,,2
,,1
,,7
,,4
,,2
,,6
,,5
,,3
,,3
,,4
,,1
,,1
,,2
,,1
,,6
,,1
,,7
,,2
