0,1,2,3,4,5,6,7,8,9,10,11,12,13,14,15,16,20,21,22,23,24,25,26,27,28,29,column_17
aardvark,1,0,0,1,0,0,1,1,1,1,0,0,4,0,0,1,1,1,2,70,1,3,1,1,1,1,1
antelope,1,0,0,1,0,0,0,1,1,1,0,0,4,1,0,1,2,2,2,75,3,4,1,2,2,2,1
bass,0,0,1,0,0,1,1,1,1,0,0,1,0,1,0,0,3,3,1,80,2,23,1,3,1,3,4
bear,1,0,0,1,0,0,1,1,1,1,0,0,4,0,0,1,1,4,2,85,4,3,1,4,3,4,1
boar,1,0,0,1,0,0,1,1,1,1,0,0,4,1,0,1,1,5,2,90,3,4,1,4,4,5,1
buffalo,1,0,0,1,0,0,0,1,1,1,0,0,4,1,0,1,2,2,2,70,3,3,1,2,2,6,1
calf,1,0,0,1,0,0,0,1,1,1,0,0,4,1,1,1,1,2,3,75,1,23,1,2,5,4,1
carp,0,0,1,0,0,1,0,1,1,0,0,1,0,1,1,0,3,3,1,80,2,23,1,3,1,1,4
catfish,0,0,1,0,0,1,1,1,1,0,0,1,0,1,0,0,3,3,1,85,2,23,1,3,1,1,4
cavy,1,0,0,1,0,0,0,1,1,1,0,0,4,0,1,0,1,2,2,90,3,20,1,2,1,4,1
cheetah,1,0,0,1,0,0,1,1,1,1,0,0,4,1,0,1,2,4,1,70,3,23,100,5,2,5,1
chicken,0,1,1,0,1,0,0,0,1,1,0,0,2,1,1,0,4,6,2,75,2,20,1,4,6,7,2
chub,0,0,1,0,0,1,1,1,1,0,0,1,0,1,0,0,3,3,1,80,2,23,1,3,1,3,4
clam,0,0,1,0,0,0,1,0,0,0,0,0,0,0,0,0,3,7,2,85,2,20,1,6,1,8,7
crab,0,0,1,0,0,1,1,0,0,0,0,0,4,0,0,0,3,7,2,90,2,20,1,6,1,4,7
crayfish,0,0,1,0,0,1,1,0,0,0,0,0,6,0,0,0,3,7,2,70,2,20,1,6,1,4,7
crow,0,1,1,0,1,0,1,0,1,1,0,0,2,1,0,0,4,8,2,75,3,20,1,7,6,7,2
deer,1,0,0,1,0,0,0,1,1,1,0,0,4,1,0,1,1,2,2,80,3,23,1,2,5,2,1
dogfish,0,0,1,0,0,1,1,1,1,0,0,1,0,1,0,1,3,3,1,85,2,23,1,3,1,1,4
dolphin,0,0,0,1,0,1,1,1,1,1,0,1,0,1,0,1,3,3,2,90,1,4,1,3,7,7,1
dove,0,1,1,0,1,0,0,0,1,1,0,0,2,1,1,0,4,6,2,70,3,20,1,2,6,7,2
duck,0,1,1,0,1,1,0,0,1,1,0,0,2,1,0,0,5,6,2,75,2,20,1,4,6,7,2
elephant,1,0,0,1,0,0,0,1,1,1,0,0,4,1,0,1,1,2,2,80,4,3,100,2,4,2,1
flamingo,0,1,1,0,1,0,0,0,1,1,0,0,2,1,0,1,5,9,2,85,5,23,1,2,5,2,2
flea,0,0,1,0,0,0,0,0,0,1,0,0,6,0,0,0,1,1,2,90,3,20,1,1,1,1,6
frog,0,0,1,0,0,1,1,1,1,1,0,0,4,0,0,0,3,1,2,70,2,20,1,1,1,7,5
frog,0,0,1,0,0,1,1,1,1,1,1,0,4,0,0,0,3,1,2,70,2,20,1,1,1,7,5
fruitbat,1,0,0,1,1,0,0,1,1,1,0,0,2,1,0,0,6,9,2,75,1,20,1,2,1,1,1
giraffe,1,0,0,1,0,0,0,1,1,1,0,0,4,1,0,1,2,2,2,80,3,23,1,2,2,2,1
girl,1,0,0,1,0,0,1,1,1,1,0,0,2,0,1,1,4,2,2,85,3,4,1,2,1,2,1
gnat,0,0,1,0,1,0,0,0,0,1,0,0,6,0,0,0,1,1,2,90,3,23,1,1,1,1,6
goat,1,0,0,1,0,0,0,1,1,1,0,0,4,1,1,1,1,2,2,70,3,20,1,2,4,4,1
gorilla,1,0,0,1,0,0,0,1,1,1,0,0,2,0,0,1,7,2,2,75,3,23,100,2,4,4,1
gull,0,1,1,0,1,1,1,0,1,1,0,0,2,1,0,0,8,3,2,80,3,4,1,7,2,7,2
haddock,0,0,1,0,0,1,0,1,1,0,0,1,0,1,0,0,3,3,2,85,2,23,1,3,1,1,4
hamster,1,0,0,1,0,0,0,1,1,1,0,0,4,1,1,0,4,6,2,90,3,23,1,4,1,4,1
hare,1,0,0,1,0,0,0,1,1,1,0,0,4,1,0,0,1,2,2,70,3,20,1,2,5,2,1
hawk,0,1,1,0,1,0,1,0,1,1,0,0,2,1,0,0,1,4,2,75,3,20,1,5,2,2,2
herring,0,0,1,0,0,1,1,1,1,0,0,1,0,1,0,0,3,3,2,80,2,23,1,3,1,1,4
honeybee,1,0,1,0,1,0,0,0,0,1,1,0,6,0,1,0,1,9,2,85,3,23,1,2,6,1,6
housefly,1,0,1,0,1,0,0,0,0,1,0,0,6,0,0,0,4,7,2,90,3,20,1,7,1,1,6
kiwi,0,1,1,0,0,0,1,0,1,1,0,0,2,1,0,0,1,9,2,70,2,20,1,2,1,7,2
ladybird,0,0,1,0,1,0,1,0,0,1,0,0,6,0,0,0,1,1,2,75,3,20,1,1,1,2,6
lark,0,1,1,0,1,0,0,0,1,1,0,0,2,1,0,0,1,6,2,80,3,20,1,2,6,7,2
leopard,1,0,0,1,0,0,1,1,1,1,0,0,4,1,0,1,1,4,2,85,3,20,100,5,4,2,1
lion,1,0,0,1,0,0,1,1,1,1,0,0,4,1,0,1,1,4,2,90,3,23,100,5,4,5,1
lobster,0,0,1,0,0,1,1,0,0,0,0,0,6,0,0,0,3,3,2,70,2,4,1,6,1,4,7
lynx,1,0,0,1,0,0,1,1,1,1,0,0,4,1,0,1,1,4,2,75,3,23,1,5,4,2,1
mink,1,0,0,1,0,1,1,1,1,1,0,0,4,1,0,1,1,4,2,80,3,23,1,5,4,4,1
mole,1,0,0,1,0,0,1,1,1,1,0,0,4,1,0,0,1,1,2,85,3,20,1,1,1,1,1
mongoose,1,0,0,1,0,0,1,1,1,1,0,0,4,1,0,1,1,4,2,90,3,20,1,5,4,4,1
moth,1,0,1,0,1,0,0,0,0,1,0,0,6,0,0,0,1,1,2,70,3,23,1,1,1,1,6
newt,0,0,1,0,0,1,1,1,1,1,0,0,4,1,0,0,3,1,2,75,2,20,1,1,1,1,5
octopus,0,0,1,0,0,1,1,0,0,0,0,0,8,0,0,1,3,3,2,80,2,20,1,6,1,4,7
opossum,1,0,0,1,0,0,1,1,1,1,0,0,4,1,0,0,1,8,2,85,1,23,1,4,1,4,1
oryx,1,0,0,1,0,0,0,1,1,1,0,0,4,1,0,1,9,2,2,90,3,23,1,2,2,2,1
ostrich,0,1,1,0,0,0,0,0,1,1,0,0,2,1,0,1,1,2,2,70,3,23,1,2,4,2,2
parakeet,0,1,1,0,1,0,0,0,1,1,0,0,2,1,1,0,6,6,2,75,3,4,1,2,2,7,2
penguin,0,1,1,0,0,1,1,0,1,1,0,0,2,1,0,1,3,3,2,80,3,20,1,3,2,7,2
pheasant,0,1,1,0,1,0,0,0,1,1,0,0,2,1,0,0,1,6,2,85,3,23,1,4,2,7,2
pike,0,0,1,0,0,1,1,1,1,0,0,1,0,1,0,1,3,3,2,90,2,23,1,3,1,3,4
piranha,0,0,1,0,0,1,1,1,1,0,0,1,0,1,0,0,3,3,2,70,2,23,1,3,1,5,4
pitviper,0,0,1,0,0,0,1,1,1,1,1,0,0,1,0,0,1,4,2,75,3,20,1,5,1,5,3
platypus,1,0,1,1,0,1,1,0,1,1,0,0,4,1,0,1,3,1,2,80,2,20,1,6,1,1,1
polecat,1,0,0,1,0,0,1,1,1,1,0,0,4,1,0,1,1,4,2,85,3,23,1,5,4,4,1
pony,1,0,0,1,0,0,0,1,1,1,0,0,4,1,1,1,1,2,2,90,3,20,1,2,4,4,1
porpoise,0,0,0,1,0,1,1,1,1,1,0,1,0,1,0,1,3,3,2,70,1,23,1,3,7,7,1
puma,1,0,0,1,0,0,1,1,1,1,0,0,4,1,0,1,1,4,2,75,3,23,1,5,4,5,1
pussycat,1,0,0,1,0,0,1,1,1,1,0,0,4,1,1,1,1,4,2,80,3,23,1,5,1,4,1
raccoon,1,0,0,1,0,0,1,1,1,1,0,0,4,1,0,1,1,8,2,85,3,20,1,4,4,4,1
reindeer,1,0,0,1,0,0,0,1,1,1,0,0,4,1,1,1,9,2,2,90,3,23,1,2,5,2,1
rhea,0,1,1,0,0,0,1,0,1,1,0,0,2,1,0,1,2,2,2,70,3,23,1,2,2,2,2
scorpion,0,0,0,0,0,0,1,0,0,1,1,0,8,1,0,0,1,8,2,75,2,23,1,6,1,5,7
seahorse,0,0,1,0,0,1,0,1,1,0,0,1,0,1,0,0,3,3,2,80,2,20,1,6,1,4,4
seal,1,0,0,1,0,1,1,1,1,1,0,1,0,0,0,1,3,3,2,85,1,20,1,3,7,4,1
sealion,1,0,0,1,0,1,1,1,1,1,0,1,2,1,0,1,3,3,2,90,1,23,1,3,7,4,1
seasnake,0,0,0,0,0,1,1,1,1,0,1,0,0,1,0,0,3,3,2,70,2,23,1,6,1,4,3
seawasp,0,0,1,0,0,1,1,0,0,0,1,0,0,0,0,0,3,9,2,75,2,23,1,6,1,4,7
skimmer,0,1,1,0,1,1,1,0,1,1,0,0,2,1,0,0,3,3,2,80,3,20,1,7,1,2,2
skua,0,1,1,0,1,1,1,0,1,1,0,0,2,1,0,0,8,3,2,85,3,23,1,7,1,2,2
slowworm,0,0,1,0,0,0,1,1,1,1,0,0,0,1,0,0,1,1,2,90,2,23,1,1,1,4,3
slug,0,0,1,0,0,0,0,0,0,1,0,0,0,0,0,0,1,7,2,70,2,20,1,2,1,1,7
sole,0,0,1,0,0,1,0,1,1,0,0,1,0,1,0,0,3,3,2,75,2,20,1,6,1,1,4
sparrow,0,1,1,0,1,0,0,0,1,1,0,0,2,1,0,0,4,6,2,80,3,20,1,4,6,7,2
squirrel,1,0,0,1,0,0,0,1,1,1,0,0,2,1,0,0,1,6,2,85,3,20,1,2,4,4,1
starfish,0,0,1,0,0,1,1,0,0,0,0,0,5,0,0,0,3,3,2,90,2,20,1,6,1,4,7
stingray,0,0,1,0,0,1,1,1,1,0,1,1,0,1,0,1,3,3,2,70,2,20,1,6,1,4,4
swan,0,1,1,0,1,1,0,0,1,1,0,0,2,1,0,1,3,6,2,75,3,23,1,2,2,7,2
termite,0,0,1,0,0,0,0,0,0,1,0,0,6,0,0,0,1,7,2,80,2,23,1,1,1,1,6
toad,0,0,1,0,0,1,0,1,1,1,0,0,4,0,0,0,1,1,2,85,2,20,1,1,1,7,5
tortoise,0,0,1,0,0,0,0,0,1,1,0,0,4,1,0,1,1,2,2,90,2,20,1,2,1,4,3
tuatara,0,0,1,0,0,0,1,1,1,1,0,0,4,1,0,0,1,1,2,70,2,23,1,1,1,4,3
tuna,0,0,1,0,0,1,1,1,1,0,0,1,0,1,0,1,3,3,2,75,2,23,1,3,2,1,4
vampire,1,0,0,1,1,0,0,1,1,1,0,0,2,1,0,0,1,4,2,80,3,23,1,5,1,1,1
vole,1,0,0,1,0,0,0,1,1,1,0,0,4,1,0,0,1,2,2,85,3,23,1,2,1,4,1
vulture,0,1,1,0,1,0,1,0,1,1,0,0,2,1,0,1,1,8,2,90,3,20,1,7,4,2,2
wallaby,1,0,0,1,0,0,0,1,1,1,0,0,2,1,0,1,1,2,2,70,3,23,1,2,4,4,1
wasp,1,0,1,0,1,0,0,0,0,1,1,0,6,0,0,0,1,9,2,75,3,23,1,1,1,1,6
wolf,1,0,0,1,0,0,1,1,1,1,0,0,4,1,0,1,1,4,2,80,3,20,1,5,4,4,1
worm,0,0,1,0,0,0,0,0,0,1,0,0,0,0,0,0,1,7,2,85,2,23,1,1,1,1,7
wren,0,1,1,0,1,0,0,0,1,1,0,0,2,1,0,0,1,1,2,90,3,20,1,1,6,7,2
